1 4294967295 0 0 0 0 0 0 0 0 0 0
2 4294967295 0 0 0 0 0 0 0 0 0 0
3 4294967295 0 0 0 0 0 0 0 0 -2 0
4 4294967295 0 0 0 0 0 0 0 0 3 0
5 4294967295 0 0 0 0 0 0 0 0 -4 0
6 4294967295 0 0 0 0 0 0 0 0 6 0
7 4294967295 0 0 0 0 0 0 1 0 -8 0
8 4294967295 0 0 0 0 0 0 0 0 10 0
9 4294967295 0 0 0 0 0 0 1 0 -11 0
10 4294967295 0 0 0 0 0 0 -2 0 11 0
11 4294967295 0 0 0 0 0 0 1 0 -12 0
12 4294967295 1 512 1 1 0 0 -1 -2 11 0
13 4294967295 1 512 2 2 512 1 1 3 -9 0
14 4294967295 2 1024 3 3 1024 1 0 -4 7 0
15 4294967295 2 1024 4 4 1024 1 -1 6 -5 0
16 4294967295 3 1024 4 4 1024 2 5 -8 4 0
17 4294967295 2 1024 4 3 1024 2 -5 10 -3 0
18 4294967295 2 1024 3 3 1024 2 7 -11 3 0
19 4294967295 2 1024 3 3 1024 2 -9 12 -3 0
20 4294967295 2 1024 3 3 1024 2 12 -12 3 0
21 4294967295 2 1024 3 3 1024 2 -13 12 -2 0
22 4294967295 2 1024 3 3 1024 2 16 -12 1 0
23 4294967295 1 512 2 2 512 1 -19 12 0 0
24 4294967295 0 0 0 0 0 -1 22 -11 -3 0
25 4294967295 0 0 -2 -1 -1024 -3 -24 10 5 0
26 4294967295 -1 -512 -4 -3 -2048 -5 26 -9 -7 0
27 4294967295 -2 -512 -4 -3 -2048 -5 -27 9 9 0
28 4294967295 -1 0 -5 -3 -2048 -4 28 -9 -13 0
29 4294967295 -1 0 -4 -2 -2048 -3 -28 9 16 0
30 4294967295 -1 0 -4 -2 -1536 -3 28 -8 -19 0
31 4294967295 -1 0 -4 -1 -1536 -2 -27 7 22 0
32 4294967295 -1 0 -3 -1 -1024 -2 26 -6 -24 0
33 4294967295 0 0 -3 -1 -1024 -2 -25 6 26 0
34 4294967295 0 0 -2 -1 -1024 -1 24 -6 -27 0
35 4294967295 0 0 -2 0 -512 -1 -22 6 30 0
36 4294967295 0 0 -1 0 -512 -1 20 -5 -31 0
37 4294967295 0 0 -1 0 -512 -1 -18 4 32 0
38 4294967295 0 512 0 0 0 0 17 -3 -33 0
39 4294967295 0 0 0 0 -512 0 -16 3 34 0
40 4294967295 -1 0 -1 -1 -1024 -2 15 -3 -34 0
41 4294967295 -2 -512 -1 -2 -2048 -3 -13 3 34 0
42 4294967295 -2 -1024 -2 -2 -2560 -4 13 -2 -33 0
43 4294967295 -2 -512 -1 -1 -2560 -4 -11 1 32 0
44 4294967295 -1 0 0 0 -2048 -2 7 0 -31 0
45 4294967295 0 0 1 1 -1536 -2 -5 0 30 0
46 4294967295 0 0 3 2 -1024 -1 4 0 -28 0
47 4294967295 0 0 3 3 -512 0 -3 0 26 0
48 4294967295 0 0 4 3 -512 0 3 0 -26 0
49 4294967295 0 0 4 3 0 0 -3 0 23 0
50 4294967295 0 0 3 3 0 0 3 0 -21 0
51 4294967295 0 512 3 2 0 0 -2 0 22 0
52 4294967295 1 512 3 2 0 0 1 0 -21 0
53 4294967295 1 512 3 2 0 0 0 0 20 0
54 4294967295 1 512 3 2 0 0 0 0 -19 0
55 4294967295 0 0 3 1 0 0 0 0 19 0
56 4294967295 0 0 1 0 -512 -1 0 0 -19 0
57 4294967295 -1 -512 0 -2 -1024 -3 0 0 19 0
58 4294967295 -2 -1024 -2 -4 -1536 -5 0 0 -18 0
59 4294967295 -3 -1024 -3 -4 -1536 -5 0 0 17 0
60 4294967295 -2 -512 -3 -4 -1024 -4 0 0 -16 0
61 4294967295 -2 -512 -3 -3 -1024 -4 0 0 16 0
62 4294967295 -1 0 -3 -3 -512 -3 0 0 -16 0
63 4294967295 -1 0 -3 -3 0 -3 0 0 14 0
64 4294967295 -1 0 -2 -2 0 -2 0 0 -13 0
65 4294967295 -1 0 -2 -2 0 -2 0 0 12 0
66 4294967295 0 0 -1 -2 0 -2 1 -2 -10 0
67 4294967295 0 0 -1 -1 0 -1 0 3 10 0
68 4294967295 0 0 -1 -1 0 -1 1 -4 -8 0
69 4294967295 0 0 0 0 0 0 -2 6 6 0
70 4294967295 0 0 0 0 512 0 3 -8 -4 0
71 4294967295 0 0 0 0 0 0 -3 10 3 0
72 4294967295 -1 -512 -1 -1 0 -1 3 -11 -2 0
73 4294967295 -2 -1024 -2 -1 -1024 -3 -3 12 2 0
74 4294967295 -2 -1024 -2 -2 -1536 -4 4 -12 -2 0
75 4294967295 -3 -1024 -2 -1 -1536 -4 -3 12 2 0
76 4294967295 -1 -512 0 0 -1024 -2 4 -12 -1 0
77 4294967295 -1 -512 0 1 -512 -1 -5 12 0 0
78 4294967295 0 0 2 3 0 0 6 -11 1 0
79 4294967295 0 0 2 4 0 0 -6 10 -4 0
80 4294967295 0 0 2 4 0 0 6 -9 6 0
81 4294967295 0 0 2 4 0 0 -6 9 -5 0
82 4294967295 0 0 2 4 0 0 6 -9 6 0
83 4294967295 0 0 2 3 0 0 -5 9 -7 0
84 4294967295 0 0 2 3 0 0 4 -8 8 0
85 4294967295 0 0 2 3 512 0 -3 7 -8 0
86 4294967295 1 512 2 4 512 1 3 -6 8 0
87 4294967295 0 0 2 2 512 1 -3 5 -8 0
88 4294967295 0 0 0 0 0 -1 3 -6 8 0
89 4294967295 -2 -512 -2 0 -1024 -2 -2 6 -7 0
90 4294967295 -2 -512 -4 -2 -1536 -4 1 -6 6 0
91 4294967295 -2 -512 -4 -2 -1536 -4 0 7 -5 0
92 4294967295 -1 -512 -4 -2 -1536 -4 0 -8 5 0
93 4294967295 -1 -512 -4 -2 -1024 -4 0 9 -5 0
94 4294967295 -1 0 -3 -2 -1024 -3 0 -9 5 0
95 4294967295 -1 0 -3 -1 -1024 -2 0 9 -4 0
96 4294967295 -1 0 -2 -1 -512 -2 0 -9 3 0
97 4294967295 0 0 -2 -1 -512 -1 0 9 -2 0
98 4294967295 0 0 -2 -1 -512 -1 0 -8 2 0
99 4294967295 0 0 -1 0 -512 -1 0 7 -2 0
100 4294967295 0 0 -1 0 0 -1 0 -6 2 0
101 4294967295 0 0 0 0 0 0 0 6 -1 0
102 4294967295 0 0 0 1 0 0 0 -6 0 0
103 4294967295 0 0 0 0 0 -1 0 7 1 0
104 4294967295 -1 0 -1 0 -1024 -2 0 -6 -1 0
105 4294967295 -2 -512 -2 -1 -1536 -4 0 7 1 0
106 4294967295 -2 -1024 -3 -1 -2560 -5 0 -8 -1 0
107 4294967295 -2 -512 -2 -1 -2560 -6 0 9 1 0
108 4294967295 -1 0 0 0 -1536 -4 0 -9 0 0
109 4294967295 -1 0 0 1 -1536 -3 0 9 -1 0
110 4294967295 0 512 2 2 -1024 -3 0 -9 2 0
111 4294967295 0 512 3 3 -512 -2 0 9 -2 0
112 4294967295 0 1024 3 3 -512 -2 0 -8 2 0
113 4294967295 0 1024 3 3 -512 -2 0 7 -2 0
114 4294967295 0 1024 3 3 0 -1 -2 -6 2 0
115 4294967295 0 1024 3 2 0 -1 3 6 -1 0
116 4294967295 0 1024 3 2 0 -1 -4 -6 0 0
117 4294967295 0 1024 3 3 0 0 6 6 4 0
118 4294967295 0 1024 3 3 0 0 -8 -5 -6 0
119 4294967295 0 512 2 1 0 0 10 4 8 0
120 4294967295 -1 0 0 0 -1024 -2 -11 -3 -10 0
121 4294967295 -2 -512 -2 -2 -2048 -4 12 3 12 0
122 4294967295 -3 -1024 -3 -4 -2560 -5 -12 -3 -13 0
123 4294967295 -4 -1024 -4 -4 -2560 -5 12 3 14 0
124 4294967295 -3 -512 -4 -4 -2560 -5 -12 -2 -15 0
125 4294967295 -2 -512 -4 -4 -2048 -4 13 1 14 0
126 4294967295 -2 0 -4 -3 -2048 -3 -12 0 -14 0
127 4294967295 -1 0 -4 -3 -1536 -3 13 0 15 0
128 4294967295 -1 0 -3 -2 -1536 -2 -14 0 -14 0
129 4294967295 -1 0 -3 -2 -1024 -2 15 0 15 0
130 4294967295 0 0 -2 -2 -1024 -1 -15 0 -16 0
131 4294967295 0 0 -2 -1 -1024 -1 15 0 17 0
132 4294967295 0 0 -1 -1 -512 -1 -14 0 -17 0
133 4294967295 0 0 -1 0 -512 -1 13 0 17 0
134 4294967295 0 512 0 0 0 0 -12 0 -17 0
135 4294967295 0 0 0 0 -512 0 12 -2 15 0
136 4294967295 -1 0 -1 -1 -1024 -1 -12 3 -14 0
137 4294967295 -2 -512 -2 -1 -2048 -3 15 -4 14 0
138 4294967295 -2 -1024 -3 -2 -2048 -4 -16 6 -12 0
139 4294967295 -2 -1024 -2 -1 -2560 -4 17 -8 12 0
140 4294967295 -1 0 -1 0 -1536 -3 -17 10 -12 0
141 4294967295 0 0 0 0 -1536 -2 19 -11 12 0
142 4294967295 0 0 1 1 -1024 -1 -19 12 -11 0
143 4294967295 0 0 2 1 -1024 -1 19 -12 10 0
144 4294967295 0 0 2 2 -1024 0 -19 12 -9 0
145 4294967295 0 512 2 2 -512 0 19 -12 9 0
146 4294967295 0 512 2 2 -512 0 -21 12 -9 0
147 4294967295 0 512 2 1 -512 0 22 -11 9 0
148 4294967295 1 512 2 1 0 0 -23 10 -8 0
149 4294967295 1 512 2 1 0 0 25 -9 7 0
150 4294967295 1 512 2 2 0 0 -25 9 -6 0
151 4294967295 0 0 1 1 0 0 27 -9 6 0
152 4294967295 0 0 0 0 -1024 -2 -28 9 -6 0
153 4294967295 -1 -512 -2 -2 -1536 -3 31 -8 6 0
154 4294967295 -2 -512 -4 -4 -2560 -5 -32 7 -6 0
155 4294967295 -3 -1024 -5 -4 -2560 -5 33 -6 4 0
156 4294967295 -1 -512 -5 -4 -2048 -4 -34 6 -5 0
157 4294967295 -1 0 -4 -3 -1536 -3 35 -6 5 0
158 4294967295 -1 0 -4 -3 -1024 -2 -35 6 -5 0
159 4294967295 0 0 -4 -3 -1024 -2 35 -5 6 0
160 4294967295 0 0 -3 -2 -512 -1 -34 4 -7 0
161 4294967295 0 0 -3 -2 -512 -1 33 -3 8 0
162 4294967295 0 0 -2 -2 -512 -1 -32 3 -8 0
163 4294967295 0 0 -2 -1 0 -1 31 -3 8 0
164 4294967295 0 0 -1 -1 0 0 -30 3 -8 0
165 4294967295 0 0 0 0 0 0 27 -2 6 0
166 4294967295 0 512 0 0 0 0 -27 1 -5 0
167 4294967295 0 0 0 0 0 0 26 0 7 0
168 4294967295 -1 0 0 -1 -512 -1 -25 0 -7 0
169 4294967295 -2 0 -1 -1 -1536 -3 25 0 7 0
170 4294967295 -2 -512 -2 -1 -2048 -4 -25 3 -7 0
171 4294967295 -2 -512 -1 -1 -2560 -4 25 -4 8 0
172 4294967295 -1 0 0 0 -2048 -3 -24 5 -7 0
173 4294967295 0 512 2 1 -1536 -3 23 -6 8 0
174 4294967295 0 512 3 2 -1024 -2 -22 7 -9 0
175 4294967295 0 1024 4 2 -512 -2 21 -7 10 0
176 4294967295 0 1024 4 2 -512 -1 -22 7 -10 0
177 4294967295 0 1024 4 2 -512 -1 22 -7 10 0
178 4294967295 1 1024 4 2 0 -1 -22 7 -10 0
179 4294967295 1 1024 4 2 0 -1 23 -6 10 0
180 4294967295 1 1024 3 2 0 0 -24 5 -9 0
181 4294967295 1 1024 3 2 0 0 25 -4 8 0
182 4294967295 1 1024 3 2 0 0 -25 4 -7 0
183 4294967295 0 512 2 1 0 0 25 -4 7 0
184 4294967295 0 0 0 -1 -512 -1 -24 4 -7 0
185 4294967295 -1 -512 -2 -4 -1536 -3 23 -3 7 0
186 4294967295 -2 -512 -4 -6 -2048 -4 -22 2 -6 0
187 4294967295 -2 -1024 -4 -6 -2560 -5 22 -1 5 0
188 4294967295 -1 -512 -4 -6 -1536 -4 -22 1 -4 0
189 4294967295 -1 -512 -4 -6 -1536 -3 22 -1 4 0
190 4294967295 -1 -512 -4 -5 -1536 -3 -21 1 -4 0
191 4294967295 -1 -512 -3 -5 -1024 -2 20 0 4 0
192 4294967295 0 0 -3 -4 -1024 -2 -18 -1 -3 0
193 4294967295 0 0 -2 -4 -512 -2 18 2 2 0
194 4294967295 0 0 -2 -3 -512 -1 -16 -2 -1 0
195 4294967295 0 0 -1 -2 -512 -1 14 4 1 0
196 4294967295 0 0 0 -2 -512 0 -12 -4 -1 0
197 4294967295 0 0 0 -1 0 0 11 4 1 0
198 4294967295 0 0 1 0 0 0 -10 -4 0 0
199 4294967295 0 0 0 -1 0 0 10 4 -1 0
200 4294967295 -1 -512 0 -2 -512 -1 -10 -3 3 0
201 4294967295 -2 -1024 0 -3 -1536 -3 10 2 -3 0
202 4294967295 -2 -1024 -1 -4 -1536 -4 -9 -1 5 0
203 4294967295 -2 -1024 -1 -2 -2048 -4 8 1 -7 0
204 4294967295 -1 0 0 -1 -1024 -3 -4 -1 9 0
205 4294967295 0 0 2 0 -512 -1 2 1 -10 0
206 4294967295 0 0 3 1 0 -1 0 0 11 0
207 4294967295 0 512 3 1 0 -1 -2 -1 -11 0
208 4294967295 1 512 4 2 0 0 5 2 13 0
209 4294967295 1 512 4 2 0 0 -6 -5 -13 0
210 4294967295 1 512 4 2 0 0 9 7 13 0
211 4294967295 1 512 3 2 0 0 -12 -9 -13 0
212 4294967295 1 512 3 2 0 0 15 11 13 0
213 4294967295 1 512 3 2 0 0 -17 -12 -12 0
214 4294967295 2 512 3 2 512 1 19 13 11 0
215 4294967295 1 0 1 2 512 0 -20 -13 -10 0
216 4294967295 0 0 0 0 0 -1 21 13 10 0
217 4294967295 -1 -1024 -2 -1 -1024 -3 -21 -12 -10 0
218 4294967295 -2 -1024 -3 -3 -2048 -4 21 11 13 0
219 4294967295 -2 -1536 -4 -4 -2048 -4 -20 -10 -14 0
220 4294967295 -2 -1024 -4 -3 -2048 -3 19 10 15 0
221 4294967295 -1 -512 -4 -3 -1536 -3 -18 -10 -16 0
222 4294967295 -1 -512 -3 -3 -1536 -3 18 10 17 0
223 4294967295 0 -512 -3 -2 -1024 -2 -18 -9 -17 0
224 4294967295 0 -512 -3 -2 -1024 -2 18 10 17 0
225 4294967295 0 0 -2 -2 -1024 -1 -17 -9 -16 0
226 4294967295 0 0 -2 -1 -512 -1 16 8 15 0
227 4294967295 0 0 -1 -1 -512 -1 -15 -7 -14 0
228 4294967295 0 0 -1 -1 -512 -1 15 7 14 0
229 4294967295 0 0 0 0 -512 0 -15 -7 -14 0
230 4294967295 1 0 0 0 0 0 15 7 14 0
231 4294967295 0 0 0 0 0 0 -15 -6 -13 0
232 4294967295 0 -512 0 -1 -1024 -1 13 5 12 0
233 4294967295 -1 -1024 -1 -2 -2048 -3 -12 -4 -11 0
234 4294967295 -2 -1536 -2 -3 -2560 -3 11 4 11 0
235 4294967295 -3 -1024 -1 -2 -2560 -4 -9 -4 -11 0
236 4294967295 -2 -512 0 0 -1536 -3 7 4 11 0
237 4294967295 -1 0 2 1 -1536 -2 -5 -3 -10 0
238 4294967295 -1 0 3 2 -1024 -1 4 2 9 0
239 4294967295 -1 0 3 2 -512 0 -3 -1 -8 0
240 4294967295 0 0 4 2 -512 0 3 1 8 0
241 4294967295 0 0 4 2 -512 0 -3 -1 -8 0
242 4294967295 0 0 5 2 -512 0 3 1 8 0
243 4294967295 0 0 4 2 0 0 -2 0 -7 0
244 4294967295 0 0 4 2 0 0 1 -1 6 0
245 4294967295 0 0 3 2 0 0 1 2 -5 0
246 4294967295 0 512 3 3 0 1 -1 -2 2 0
247 4294967295 0 0 2 2 0 0 3 2 0 0
248 4294967295 0 0 0 1 -512 -1 -7 -2 -2 0
249 4294967295 -2 -512 -2 0 -1024 -2 10 2 5 0
250 4294967295 -3 -1024 -4 -2 -1536 -3 -10 -1 -8 0
251 4294967295 -3 -1024 -5 -2 -2048 -3 12 0 11 0
252 4294967295 -2 -1024 -5 -3 -1536 -3 -14 1 -13 0
253 4294967295 -2 -512 -5 -2 -1024 -2 16 -1 15 0
254 4294967295 -2 -512 -4 -2 -1024 -2 -17 1 -16 0
255 4294967295 -1 -512 -4 -2 -512 -2 18 -1 17 0
256 4294967295 -1 0 -3 -2 -512 -1 -18 1 -17 0
257 4294967295 -1 0 -3 -2 -512 -1 18 0 17 0
258 4294967295 0 0 -2 -1 0 -1 -17 -1 -16 0
259 4294967295 0 0 -2 0 0 -1 16 2 15 0
260 4294967295 0 0 -2 0 0 0 -15 -2 -14 0
261 4294967295 0 0 -1 0 0 0 15 2 14 0
262 4294967295 1 0 0 0 0 0 -15 -2 -14 0
263 4294967295 0 0 0 0 0 0 15 2 14 0
264 4294967295 0 0 -1 0 -512 -1 -14 -1 -13 0
265 4294967295 -2 -512 -2 0 -1536 -3 13 0 12 0
266 4294967295 -2 -1024 -2 -1 -2048 -4 -12 -1 -13 0
267 4294967295 -3 -1024 -2 0 -2048 -5 12 -1 14 0
268 4294967295 -2 -512 0 0 -1536 -3 -12 2 -10 0
269 4294967295 -1 -512 1 2 -1536 -3 12 0 12 0
270 4294967295 0 0 2 3 -1024 -2 -11 0 -12 0
271 4294967295 0 0 3 4 -1024 -2 10 0 12 0
272 4294967295 0 0 3 4 -1024 -1 -9 0 -12 0
273 4294967295 0 0 3 4 -512 -1 9 0 12 0
274 4294967295 0 0 4 4 -512 -1 -9 0 -11 0
275 4294967295 0 0 3 3 -512 0 9 1 10 0
276 4294967295 0 0 3 3 0 0 -8 0 -9 0
277 4294967295 0 0 3 3 0 0 7 1 9 0
278 4294967295 1 512 3 3 0 0 -3 -2 -9 0
279 4294967295 0 0 2 2 0 0 1 3 9 0
280 4294967295 0 0 0 0 -512 -2 1 -3 -8 0
281 4294967295 -2 -512 -2 -1 -1536 -3 -3 3 7 0
282 4294967295 -2 -512 -4 -3 -2560 -4 5 0 -3 0
283 4294967295 -2 -1024 -5 -4 -2560 -5 -6 -1 1 0
284 4294967295 -2 -512 -5 -4 -2048 -4 6 2 1 0
285 4294967295 -1 -512 -5 -4 -1536 -3 -8 -3 0 0
286 4294967295 -1 0 -4 -4 -1536 -2 7 4 1 0
287 4294967295 0 0 -4 -3 -1024 -2 -7 -4 -2 0
288 4294967295 0 0 -3 -3 -1024 -2 7 4 3 0
289 4294967295 0 0 -3 -2 -512 -1 -6 -4 -3 0
290 4294967295 0 0 -3 -2 -512 -1 5 4 3 0
291 4294967295 0 0 -2 -2 -512 -1 -4 -3 -3 0
292 4294967295 0 0 -1 -1 -512 -1 4 2 3 0
293 4294967295 0 0 -1 -1 0 0 -4 -1 -2 0
294 4294967295 1 512 0 0 0 0 5 1 1 0
295 4294967295 0 0 0 -1 0 0 -4 -1 0 0
296 4294967295 0 0 -1 -2 -512 -2 3 1 0 0
297 4294967295 -2 -512 -1 -2 -1536 -3 -4 0 0 0
298 4294967295 -2 -512 -2 -2 -2048 -4 6 -1 0 0
299 4294967295 -2 -1024 -1 -2 -2048 -4 -8 2 0 0
300 4294967295 -1 -512 0 0 -1536 -3 10 -5 0 0
301 4294967295 -1 -512 1 0 -1024 -3 -11 7 0 0
302 4294967295 -1 0 3 2 -1024 -2 12 -9 0 0
303 4294967295 0 0 3 2 -1024 -2 -12 11 0 0
304 4294967295 0 0 3 3 -512 -2 12 -12 0 0
305 4294967295 0 0 3 3 0 -1 -12 13 0 0
306 4294967295 0 0 3 3 0 -1 12 -13 -2 0
307 4294967295 0 0 3 3 0 0 -11 13 3 0
308 4294967295 0 0 3 3 0 -1 10 -13 -1 0
309 4294967295 0 0 3 3 0 0 -9 11 1 0
310 4294967295 1 0 2 3 0 0 9 -12 -1 0
311 4294967295 0 0 1 1 0 0 -9 12 1 0
312 4294967295 0 -512 0 0 -512 -1 9 -12 0 0
313 4294967295 -1 -1024 -2 -2 -1536 -3 -8 13 -1 0
314 4294967295 -2 -1536 -3 -3 -2048 -4 7 -14 2 0
315 4294967295 -3 -1536 -4 -4 -2560 -4 -6 15 -2 0
316 4294967295 -2 -1024 -4 -5 -2048 -3 6 -15 2 0
317 4294967295 -1 -1024 -4 -4 -1536 -2 -6 15 -2 0
318 4294967295 -1 -512 -4 -3 -1024 -1 6 -14 2 0
319 4294967295 0 0 -3 -3 -512 -1 -5 13 -1 0
320 4294967295 0 0 -3 -2 -512 0 4 -12 0 0
321 4294967295 0 0 -3 -2 0 0 -3 12 1 0
322 4294967295 0 0 -2 -2 0 0 3 -12 -1 0
323 4294967295 0 0 -2 -1 0 0 -3 12 1 0
324 4294967295 0 0 -1 -1 0 0 3 -11 -1 0
325 4294967295 0 0 -1 -1 0 0 -2 10 1 0
326 4294967295 1 0 0 0 0 1 1 -9 0 0
327 4294967295 0 0 0 0 0 0 0 9 -1 0
328 4294967295 0 0 -1 -2 -512 -1 -3 -9 2 0
329 4294967295 -1 -512 -2 -2 -1024 -3 5 9 -2 0
330 4294967295 -2 -512 -3 -3 -2048 -4 -4 -8 2 0
331 4294967295 -3 -512 -2 -2 -2560 -4 5 7 -2 0
332 4294967295 -2 0 0 -1 -2048 -3 -6 -6 2 0
333 4294967295 0 0 0 0 -1536 -3 7 6 -1 0
334 4294967295 0 512 2 1 -1024 -2 -7 -4 2 0
335 4294967295 0 512 3 2 -1024 -2 7 4 -1 0
336 4294967295 0 512 3 3 -512 -2 -7 -4 0 0
337 4294967295 0 512 3 3 -512 -1 7 4 1 0
338 4294967295 0 512 3 3 -512 -1 -6 -3 -1 0
339 4294967295 0 512 3 3 -512 -1 5 2 1 0
340 4294967295 0 512 3 3 0 -1 -1 -1 -1 0
341 4294967295 0 512 2 3 0 -1 -1 1 1 0
342 4294967295 1 1024 2 3 0 0 3 -2 0 0
343 4294967295 0 512 1 2 0 0 -5 2 -1 0
344 4294967295 -1 0 -1 0 -512 -2 7 -4 2 0
345 4294967295 -2 -512 -3 -1 -1024 -3 -8 7 -2 0
346 4294967295 -3 -1024 -5 -3 -1536 -5 9 -10 2 0
347 4294967295 -3 -1024 -7 -3 -2048 -5 -9 13 -2 0
348 4294967295 -3 -512 -7 -3 -1536 -4 9 -16 2 0
349 4294967295 -3 -512 -7 -3 -1024 -4 -9 17 -1 0
350 4294967295 -2 0 -6 -3 -512 -3 9 -19 0 0
351 4294967295 -2 0 -5 -2 0 -2 -8 19 1 0
352 4294967295 -1 0 -4 -2 0 -2 7 -20 -1 0
353 4294967295 -1 0 -4 -2 0 -1 -6 21 1 0
354 4294967295 -1 0 -4 -1 0 -1 6 -21 -1 0
355 4294967295 -1 0 -3 -1 0 -1 -6 20 1 0
356 4294967295 0 0 -2 -1 0 0 6 -20 0 0
357 4294967295 0 0 -1 0 0 0 -5 18 -1 0
358 4294967295 0 512 0 0 512 0 4 -15 2 0
359 4294967295 0 0 0 0 0 0 -3 12 -2 0
360 4294967295 -1 0 -1 -1 0 -1 3 -9 2 0
361 4294967295 -2 -512 -1 -1 -1024 -2 -3 7 -2 0
362 4294967295 -3 -1024 -2 -2 -2048 -3 3 -5 2 0
363 4294967295 -4 -1024 -1 -1 -2048 -4 -2 4 -1 0
364 4294967295 -10 -2048 -5 -6 -3072 -8 1 -3 0 0
365 4294967295 -3 -1536 0 0 -2560 -3 0 3 4 0
366 4294967295 19 3584 18 21 3072 17 0 -3 -6 0
367 4294967295 23 5120 23 25 5120 20 0 3 8 0
368 4294967295 26 6144 25 27 6144 23 0 -2 -10 0
369 4294967295 25 5632 24 26 6656 22 -2 1 12 0
370 4294967295 24 5632 24 25 6656 21 3 0 -13 0
371 4294967295 23 5632 22 23 6144 20 -4 0 14 0
372 4294967295 21 4608 20 21 6144 18 6 0 -14 0
373 4294967295 19 4608 18 19 5632 17 -8 0 14 0
374 4294967295 17 4096 16 17 5632 16 10 0 -11 0
375 4294967295 16 3584 14 15 5120 14 -11 0 10 0
376 4294967295 13 2560 10 12 3584 12 12 0 -9 0
377 4294967295 11 2048 7 9 2560 9 -12 -2 8 0
378 4294967295 8 1536 3 6 1024 7 12 1 -7 0
379 4294967295 7 1024 0 4 512 6 -12 -1 7 0
380 4294967295 6 1024 0 3 512 5 12 4 -3 0
381 4294967295 6 1024 -1 3 512 5 -11 -5 3 0
382 4294967295 5 512 -1 2 512 4 10 6 -5 0
383 4294967295 4 512 -1 2 512 4 -9 -7 5 0
384 4294967295 4 512 -1 2 512 4 9 8 -4 0
385 4294967295 3 512 -1 2 512 3 -9 -11 3 0
386 4294967295 3 512 -1 1 512 3 9 13 -2 0
387 4294967295 3 512 -1 1 512 3 -8 -15 2 0
388 4294967295 3 512 -1 1 512 3 7 17 0 0
389 4294967295 2 512 0 1 512 2 -6 -18 0 0
390 4294967295 3 512 0 2 512 2 6 19 0 0
391 4294967295 2 512 0 2 512 2 -6 -19 0 0
392 4294967295 1 0 0 1 0 1 4 19 0 0
393 4294967295 0 0 0 1 0 0 -3 -19 0 0
394 4294967295 0 0 0 1 -512 0 2 17 0 0
395 4294967295 0 0 0 1 -512 0 0 -16 0 0
396 4294967295 0 0 1 2 -512 0 -2 15 0 0
397 4294967295 0 0 1 3 -512 0 4 -13 0 0
398 4294967295 0 0 1 4 -512 0 -5 11 0 0
399 4294967295 0 0 1 4 0 0 6 -9 0 0
400 4294967295 0 0 1 3 0 0 -6 8 0 0
401 4294967295 0 0 1 3 0 0 6 -8 0 0
402 4294967295 0 0 1 3 0 0 -6 6 -2 0
403 4294967295 0 0 1 3 0 0 6 -7 3 0
404 4294967295 0 0 1 3 0 0 -5 7 -4 0
405 4294967295 0 0 0 2 0 1 4 -4 6 0
406 4294967295 0 0 0 2 0 1 -3 3 -8 0
407 4294967295 1 0 0 2 0 1 3 -2 10 0
408 4294967295 0 0 -1 1 0 0 -3 1 -11 0
409 4294967295 0 0 -1 0 -512 0 3 0 12 0
410 4294967295 -1 -512 -4 -1 -1024 -2 -2 0 -12 0
411 4294967295 -1 -512 -5 -2 -1536 -2 1 0 12 0
412 4294967295 0 0 -4 -1 -1024 -1 0 0 -12 0
413 4294967295 1 0 -4 -1 0 0 0 0 12 0
414 4294967295 -2 -1024 -2 0 -1536 -1 5 4 -7 13
415 4294967295 -2 -1024 -2 0 -2048 -1 99 96 108 290
416 4294967295 -2 -1024 -1 0 -1536 -1 470 473 461 1405
417 4294967295 -2 -512 -1 0 -1024 -1 910 909 916 2461
418 4294967295 -1 -512 -1 0 -1024 -1 1155 1158 1147 2245
419 4294967295 -1 0 0 0 -1024 0 1388 1384 1391 2055
420 4294967295 0 0 0 0 0 0 1470 1477 1466 2014
421 4294967295 0 0 0 0 0 1 1511 1506 1514 1870
422 4294967295 1 0 1 0 512 1 1414 1420 1413 1807
423 4294967295 1 0 1 0 2048 1 1265 1260 1271 1692
424 4294967295 1 0 1 0 1024 1 1051 1054 1048 1629
425 4294967295 1 0 1 0 512 1 802 797 808 1527
426 4294967295 2 0 1 0 0 1 508 512 506 1470
427 4294967295 2 512 1 0 0 1 177 176 185 1233
428 4294967295 2 512 1 1 1536 1 -173 -175 -174 379
429 4294967295 -1 -512 8 -4 1024 9 -529 -529 -524 -961
430 4294967295 9 1536 -2 9 2560 -3 -838 -842 -837 -1781
431 4294967295 13 3584 -12 14 5120 -15 -1123 -1123 -1120 -2740
432 4294967295 13 4096 -12 15 6144 -15 -1332 -1333 -1330 -3231
433 4294967295 12 4096 -11 14 6656 -13 -1541 -1541 -1540 -3256
434 4294967295 12 4096 -8 13 7168 -9 -1677 -1677 -1670 -2853
435 4294967295 11 4096 -6 12 6656 -6 -1809 -1811 -1810 -2870
436 4294967295 16 4096 -3 17 6656 -2 -1840 -1839 -1835 -2626
437 4294967295 23 4608 0 24 6656 1 -1864 -1867 -1869 -2555
438 4294967295 -24 1024 -9 -27 3584 -7 -1741 -1738 -1736 -2395
439 4294967295 -52 -1024 -15 -59 1024 -13 -1598 -1598 -1601 -2288
440 4294967295 -72 -2560 -19 -82 0 -16 -1334 -1336 -1340 -2173
441 4294967295 -80 -3584 -20 -90 -1024 -17 -1110 -1109 -1108 -2055
442 4294967295 -81 -3584 -20 -91 -2048 -17 -758 -763 -769 -1968
443 4294967295 -79 -3584 -19 -88 -1536 -16 -464 -456 -454 -1700
444 4294967295 -74 -3072 -18 -82 -1536 -15 -43 -52 -62 -810
445 4294967295 -68 -3072 -16 -75 -1024 -13 266 275 283 550
446 4294967295 -60 -2560 -15 -67 -1024 -11 653 642 627 1389
447 4294967295 -52 -2048 -13 -58 -1024 -10 877 888 899 2371
448 4294967295 -44 -2048 -12 -50 -512 -9 1167 1160 1140 2861
449 4294967295 -38 -1536 -11 -42 -512 -8 1309 1321 1331 2905
450 4294967295 -31 -1536 -10 -35 -512 -7 1538 1530 1513 2516
451 4294967295 -25 -1024 -8 -27 -512 -6 1604 1614 1628 2561
452 4294967295 -20 -1024 -8 -20 0 -6 1731 1724 1708 2315
453 4294967295 -14 -512 -6 -14 0 -4 1685 1689 1704 2284
454 4294967295 -8 -512 -5 -7 0 -3 1644 1637 1624 2104
455 4294967295 -2 -512 -4 -2 0 -2 1422 1429 1446 2051
456 4294967295 1 0 -4 2 0 -2 1253 1249 1236 1905
457 4294967295 4 0 -3 5 0 -2 942 948 966 1848
458 4294967295 6 0 -3 8 512 -1 692 689 672 1721
459 4294967295 8 0 -2 12 0 0 303 306 328 1531
460 4294967295 11 0 -1 15 512 0 -10 -11 -29 642
461 4294967295 14 0 0 18 1536 0 -415 -415 -390 -687
462 4294967295 16 0 0 20 1536 0 -690 -692 -709 -1550
463 4294967295 17 0 0 22 2048 1 -1021 -1020 -996 -2491
464 4294967295 19 0 0 22 2560 1 -1201 -1200 -1219 -3038
465 4294967295 20 512 1 25 2560 2 -1446 -1448 -1419 -3062
466 4294967295 19 512 1 23 2048 1 -1566 -1563 -1584 -2684
467 4294967295 18 0 0 22 1536 0 -1727 -1731 -1702 -2688
468 4294967295 16 0 -1 21 1024 -1 -1748 -1744 -1765 -2478
469 4294967295 15 -512 -1 19 512 -2 -1789 -1798 -1774 -2390
470 4294967295 14 -1024 -2 18 0 -3 -1661 -1658 -1682 -2259
471 4294967295 13 -1024 -3 16 -1024 -4 -1529 -1537 -1507 -2141
472 4294967295 11 -1536 -5 13 -2048 -5 -1269 -1264 -1294 -2049
473 4294967295 9 -2048 -6 11 -3584 -7 -1046 -1051 -1021 -1923
474 4294967295 7 -2560 -8 8 -4608 -8 -701 -698 -732 -1856
475 4294967295 5 -3072 -9 7 -5632 -10 -404 -405 -374 -1589
476 4294967295 5 -3584 -9 6 -6144 -10 10 7 -27 -740
477 4294967295 4 -3072 -9 5 -6656 -9 322 323 351 647
478 4294967295 4 -3072 -8 4 -6144 -8 698 694 662 1458
479 4294967295 3 -2560 -7 4 -5632 -8 929 934 959 2462
480 4294967295 0 -2560 -7 1 -5632 -9 1210 1203 1174 2936
481 4294967295 -13 -5120 -12 -10 -7680 -14 1356 1366 1387 3008
482 4294967295 30 2048 3 27 -1024 5 1578 1572 1543 2587
483 4294967295 38 4608 8 35 512 10 1648 1656 1680 2647
484 4294967295 44 6656 12 41 2560 15 1771 1765 1737 2385
485 4294967295 42 6656 12 39 3072 15 1718 1728 1758 2354
486 4294967295 41 7168 12 38 3584 16 1688 1683 1651 2176
487 4294967295 38 6656 12 36 4096 16 1454 1463 1498 2108
488 4294967295 35 6656 11 33 3584 15 1299 1295 1260 1975
489 4294967295 32 6144 10 30 3584 14 971 974 1014 1893
490 4294967295 29 5632 9 27 2560 12 734 736 695 1790
491 4294967295 26 5120 9 25 3072 11 329 330 372 1577
492 4294967295 25 5120 9 24 3584 11 33 37 -4 733
493 4294967295 23 5120 9 23 3584 11 -394 -398 -354 -639
494 4294967295 21 5120 9 22 3584 10 -651 -643 -686 -1475
495 4294967295 20 4608 8 20 3072 10 -1004 -1012 -964 -2446
496 4294967295 18 4608 8 19 3072 9 -1164 -1153 -1200 -2983
497 4294967295 16 4096 7 17 3072 8 -1433 -1445 -1393 -3047
498 4294967295 15 3584 6 16 2560 7 -1530 -1518 -1566 -2637
499 4294967295 13 3584 6 14 2560 7 -1724 -1735 -1682 -2670
500 4294967295 12 3072 5 13 2048 6 -1716 -1702 -1752 -2437
501 4294967295 11 3072 5 11 2048 6 -1798 -1809 -1760 -2372
502 4294967295 10 2560 5 10 2048 6 -1627 -1618 -1664 -2222
503 4294967295 11 6656 0 11 3072 16 -1279 -1286 -1249 -2066
504 4294967295 4 -512 8 5 -512 -4 2 7 -39 -874
505 4294967295 3 -8192 10 3 -512 -22 518 515 548 1493
506 4294967295 3 -9728 9 1 -1024 -27 95 101 69 -224
507 4294967295 3 -10240 7 0 -1024 -27 309 305 334 788
508 4294967295 4 -9216 4 0 0 -25 180 181 155 140
509 4294967295 4 -8192 1 0 0 -23 222 219 239 491
510 4294967295 4 -7168 0 0 512 -21 198 201 180 271
511 4294967295 4 -6144 0 0 512 -19 176 172 188 346
512 4294967295 10 -5120 -14 7 1024 -31 189 195 185 309
513 4294967295 33 -1536 22 30 3584 12 155 145 154 268
514 4294967295 -20 -4608 48 -30 1536 44 171 185 174 311
515 4294967295 -99 -10240 -21 -108 -5632 -30 137 125 129 220
516 4294967295 -115 -10752 -29 -124 -8192 -40 154 168 164 295
517 4294967295 -112 -10752 -33 -116 -9216 -43 124 109 111 186
518 4294967295 -101 -8704 -27 -102 -6656 -37 139 153 152 275
519 4294967295 -94 -8192 -25 -91 -5632 -37 111 97 98 161
520 4294967295 -82 -7168 -20 -77 -6144 -31 124 140 135 253
521 4294967295 -72 -6656 -18 -65 -6656 -29 100 84 90 144
522 4294967295 -63 -5632 -14 -52 -6144 -25 112 128 119 230
523 4294967295 -55 -5120 -10 -40 -5120 -22 89 75 84 128
524 4294967295 -47 -4608 -7 -29 -4608 -20 101 114 102 209
525 4294967295 -39 -4096 -4 -19 -4608 -17 79 64 77 113
526 4294967295 -32 -3584 -2 -12 -4096 -14 91 105 92 190
527 4294967295 -27 -2560 0 -5 -4096 -12 72 56 72 101
528 4294967295 -23 -2560 0 0 -3584 -11 78 95 83 172
529 4294967295 -19 -2048 0 4 -3072 -9 67 51 61 91
530 4294967295 -15 -1536 1 8 -1536 -8 67 90 75 154
531 4294967295 -12 -1536 1 12 -512 -7 64 41 53 84
532 4294967295 -9 -1024 1 15 0 -6 58 82 68 138
533 4294967295 -6 -1024 1 18 0 -5 57 34 46 76
534 4294967295 -4 -1024 1 19 -512 -4 49 75 61 123
535 4294967295 -2 -512 1 19 0 -3 53 28 38 69
536 4294967295 -1 -512 0 19 -512 -3 42 67 55 111
537 4294967295 -1 -512 0 17 -1024 -4 52 23 36 61
538 4294967295 -1 -512 0 16 -1024 -4 33 64 48 102
539 4294967295 -1 0 0 14 -512 -4 46 16 31 55
540 4294967295 0 0 0 13 -512 -3 29 60 42 92
541 4294967295 0 0 0 12 -512 -2 40 12 29 49
542 4294967295 0 0 0 11 -512 -2 30 58 37 83
543 4294967295 0 512 0 10 -512 -1 34 7 27 44
544 4294967295 1 512 0 10 0 -1 26 54 32 74
545 4294967295 0 512 0 8 0 -1 26 3 24 40
546 4294967295 0 512 -1 7 0 -2 27 46 31 66
547 4294967295 -3 512 0 3 0 -2 18 2 18 37
548 4294967295 -3 512 0 3 0 -1 30 44 25 59
549 4294967295 -3 512 0 4 1024 -1 12 0 13 34
550 4294967295 -2 512 1 5 1536 0 27 40 25 52
551 4294967295 -1 512 1 6 1024 0 10 0 12 31
552 4294967295 -2 512 2 6 512 -1 23 35 21 46
553 4294967295 -2 512 1 5 0 0 8 -2 12 29
554 4294967295 -2 512 1 5 -512 -1 21 29 17 40
555 4294967295 -2 512 2 5 -512 0 4 2 8 27
556 4294967295 -2 1024 3 6 0 0 22 22 17 35
557 4294967295 -1 1024 4 5 -512 1 3 2 5 26
558 4294967295 -2 512 3 5 -1024 0 18 19 13 30
559 4294967295 -1 512 2 4 -1536 0 2 0 6 25
560 4294967295 -1 512 1 4 -2048 0 15 19 11 25
561 4294967295 -1 512 1 3 -1536 0 3 2 8 25
562 4294967295 -1 512 1 3 -1536 0 10 17 8 20
563 4294967295 0 512 1 2 -1024 0 4 -3 9 25
564 4294967295 0 512 1 2 -1024 0 7 18 3 14
565 4294967295 0 512 1 2 -1024 0 3 -3 7 27
566 4294967295 0 512 1 2 -1024 0 6 15 3 8
567 4294967295 0 1024 0 1 -1024 0 0 -5 4 29
568 4294967295 0 512 -1 0 -2048 0 6 13 5 3
569 4294967295 -1 0 -2 -1 -2560 -2 -1 -6 -1 29
570 4294967295 -1 0 -3 -2 -3584 -2 3 13 4 0
571 4294967295 -2 0 -4 -4 -3584 -3 -1 -8 -4 27
572 4294967295 -1 0 -4 -4 -3584 -2 5 15 6 1
573 4294967295 -1 0 -3 -4 -3072 -2 -3 -13 -6 24
574 4294967295 -1 512 -3 -3 -3072 -1 2 14 8 -1
575 4294967295 0 512 -3 -3 -2560 -1 -1 -15 -10 23
576 4294967295 0 512 -2 -3 -2048 -1 0 18 12 -2
577 4294967295 0 512 -2 -2 -2048 0 1 -19 -13 22
578 4294967295 0 512 -2 -2 -1536 0 -1 20 14 -3
579 4294967295 0 512 -1 -1 -1024 0 1 -21 -15 21
580 4294967295 0 512 -1 -1 -1024 0 -1 22 14 -4
581 4294967295 0 512 0 0 -512 0 1 -25 -14 20
582 4294967295 0 512 0 0 -512 0 0 27 14 -4
583 4294967295 0 512 0 0 0 0 1 -29 -13 17
584 4294967295 0 0 0 0 0 0 0 31 12 -2
585 4294967295 0 0 0 0 -1024 -1 -1 -32 -11 12
586 4294967295 0 0 0 0 -2048 -2 2 33 11 2
587 4294967295 -1 0 0 0 -2048 -2 -2 -33 -11 8
588 4294967295 0 0 1 0 -2048 -1 2 33 11 3
589 4294967295 0 0 3 2 -1024 0 -2 -32 -13 6
590 4294967295 0 0 4 3 -1024 0 2 31 14 4
591 4294967295 1 0 4 3 -512 1 -1 -30 -14 4
592 4294967295 1 0 4 3 -512 1 0 29 16 4
593 4294967295 1 512 4 3 -512 1 1 -27 -16 4
594 4294967295 1 512 4 3 0 1 -4 27 14 4
595 4294967295 1 512 4 3 0 1 6 -25 -13 2
596 4294967295 1 512 3 2 0 1 -8 23 14 4
597 4294967295 1 512 3 2 0 1 10 -21 -13 2
598 4294967295 1 512 2 2 0 2 -11 20 12 2
599 4294967295 1 512 1 1 0 1 11 -19 -11 2
600 4294967295 0 0 0 0 0 0 -12 18 11 2
601 4294967295 -1 0 -1 -1 -512 -1 11 -17 -11 2
602 4294967295 -1 -512 -3 -3 -1536 -3 -9 17 11 2
603 4294967295 -1 -512 -4 -4 -1536 -3 7 -17 -10 2
604 4294967295 0 0 -4 -4 -1024 -3 -5 17 9 2
605 4294967295 0 0 -4 -4 -1024 -2 4 -16 -8 2
606 4294967295 0 0 -4 -3 -512 -1 -3 15 8 0
607 4294967295 0 0 -3 -3 0 -1 3 -14 -8 2
608 4294967295 1 0 -3 -3 0 0 -3 14 8 0
609 4294967295 1 0 -2 -2 0 0 3 -14 -10 2
610 4294967295 1 0 -2 -2 0 0 -2 14 8 0
611 4294967295 1 0 -1 -2 0 0 1 -13 -6 2
612 4294967295 1 0 -1 -1 0 0 0 12 7 0
613 4294967295 1 0 -1 0 0 0 -3 -11 -4 2
614 4294967295 2 512 0 0 0 1 5 11 3 0
615 4294967295 1 0 0 0 512 0 -7 -11 -2 2
616 4294967295 0 0 -1 -1 0 -1 10 11 1 -2
617 4294967295 0 -512 -2 -1 0 -2 -11 -13 0 2
618 4294967295 -1 -512 -3 -1 -512 -3 14 11 0 -2
619 4294967295 -1 -512 -2 -1 0 -4 -17 -10 0 2
620 4294967295 -1 -512 -1 0 0 -4 20 9 0 -1
621 4294967295 0 0 0 1 512 -2 -24 -7 0 0
622 4294967295 0 0 2 2 1536 -1 26 5 0 1
623 4294967295 0 0 3 3 1536 0 -27 -3 0 -1
624 4294967295 0 0 3 4 2048 0 26 2 0 1
625 4294967295 0 512 4 4 2048 0 -26 -1 0 -1
626 4294967295 1 512 4 4 2048 0 26 1 0 1
627 4294967295 1 512 4 4 2048 0 -25 -1 0 0
628 4294967295 1 512 3 3 2048 0 24 1 0 -1
629 4294967295 1 512 3 3 2048 0 -23 0 0 2
630 4294967295 1 512 3 3 2048 1 23 -1 0 -2
631 4294967295 1 512 3 3 2048 0 -23 2 0 2
632 4294967295 0 0 1 0 1024 0 23 -2 0 -2
633 4294967295 -1 -512 -1 0 0 -2 -23 4 0 2
634 4294967295 -1 -1024 -2 -2 -1024 -3 21 -4 0 -1
635 4294967295 -2 -1024 -4 -3 -1536 -4 -20 4 0 0
636 4294967295 -1 -1024 -4 -3 -1536 -3 19 -4 0 1
637 4294967295 -1 -1024 -3 -3 -1024 -2 -17 4 0 -1
638 4294967295 0 -512 -3 -2 -1024 -1 15 -3 0 1
639 4294967295 0 -512 -3 -2 -1024 -1 -13 2 0 -1
640 4294967295 0 -512 -2 -2 -1024 0 12 2 0 1
641 4294967295 0 -512 -2 -2 -512 0 -11 -4 1 0
642 4294967295 0 0 -2 -1 -512 0 10 6 0 -1
643 4294967295 0 0 -1 -1 -512 0 -9 -8 1 2
644 4294967295 1 0 -1 -1 0 0 9 8 -2 -2
645 4294967295 1 0 0 0 0 0 -9 -9 1 2
646 4294967295 1 0 0 0 512 1 9 10 -1 -2
647 4294967295 1 0 0 0 0 0 -8 -10 3 2
648 4294967295 0 0 0 -1 -512 -1 7 10 -3 -1
649 4294967295 -1 -1024 0 -2 -1024 -3 -5 -9 3 0
650 4294967295 -2 -1024 0 -2 -2048 -4 5 10 -3 1
651 4294967295 -2 -1024 0 -2 -2560 -4 -3 -9 3 -1
652 4294967295 -2 -1024 0 0 -2048 -4 1 6 -2 1
653 4294967295 -1 -512 2 1 -1536 -3 2 -5 1 -1
654 4294967295 0 -512 3 2 -1024 -2 0 5 0 1
655 4294967295 0 0 4 2 -512 -1 4 -5 0 0
656 4294967295 0 0 4 3 -512 -1 -6 5 0 -1
657 4294967295 0 0 4 3 -512 -1 10 -4 0 2
658 4294967295 0 0 4 2 0 -1 -12 3 0 -2
659 4294967295 0 0 3 3 0 0 14 -4 0 2
660 4294967295 0 0 3 2 0 0 -16 2 -2 -2
661 4294967295 0 0 3 2 0 0 18 -2 3 2
662 4294967295 1 0 3 2 0 0 -19 3 -4 -1
663 4294967295 1 0 2 2 0 0 20 -4 6 0
664 4294967295 0 0 1 0 -512 -1 -18 5 -8 1
665 4294967295 -1 -512 0 -1 -1024 -3 18 -5 10 -1
666 4294967295 -2 -1024 -2 -3 -2048 -4 -18 5 -11 1
667 4294967295 -3 -1024 -3 -4 -2048 -5 19 -5 12 -1
668 4294967295 -2 -1024 -3 -4 -1536 -4 -18 6 -12 1
669 4294967295 -1 -512 -3 -4 -1024 -3 19 -5 12 0
670 4294967295 0 0 -3 -3 -1024 -3 -20 6 -12 -1
671 4294967295 0 0 -3 -3 -512 -2 21 -7 12 2
672 4294967295 0 0 -3 -2 0 -2 -24 8 -11 -2
673 4294967295 0 0 -2 -2 0 -1 26 -8 10 2
674 4294967295 0 0 -2 -2 0 -1 -27 8 -9 -2
675 4294967295 0 0 -1 -2 0 -1 30 -8 6 2
676 4294967295 0 0 -1 -1 0 0 -31 8 -7 -1
677 4294967295 0 0 0 -1 0 0 30 -7 7 0
678 4294967295 1 512 0 0 512 0 -30 6 -7 1
679 4294967295 0 0 1 0 0 0 32 -5 8 -1
680 4294967295 0 0 0 0 -512 -2 -31 5 -9 1
681 4294967295 -1 -512 0 -1 -1024 -3 29 -5 10 -1
682 4294967295 -2 -1024 0 -1 -1536 -4 -28 5 -10 1
683 4294967295 -3 -1536 0 -1 -2048 -5 25 -4 12 0
684 4294967295 -2 -1024 1 0 -1536 -4 -21 3 -12 -1
685 4294967295 -1 -512 2 1 -1024 -2 17 -2 12 2
686 4294967295 0 -512 4 2 -512 -1 -13 2 -12 -2
687 4294967295 0 0 5 3 -512 0 10 -2 10 2
688 4294967295 0 0 6 4 0 0 -7 2 -9 -2
689 4294967295 0 0 6 4 0 0 5 -1 8 2
690 4294967295 1 0 5 4 0 0 -3 0 -6 -1
691 4294967295 1 0 5 4 0 0 2 1 4 0
692 4294967295 1 0 5 3 0 0 -1 -1 -1 1
693 4294967295 1 0 5 3 0 0 1 1 0 -1
694 4294967295 1 512 5 3 512 1 -1 -1 3 1
695 4294967295 0 0 4 2 0 0 1 1 -6 -1
696 4294967295 0 0 2 1 -512 0 0 0 9 1
697 4294967295 -1 -512 0 0 -1024 -2 -1 -1 -11 0
698 4294967295 -2 -1536 -2 -2 -2048 -3 2 2 13 -1
699 4294967295 -2 -1536 -3 -3 -2560 -4 -2 -2 -15 2
700 4294967295 -3 -1536 -3 -3 -2048 -3 2 1 15 -2
701 4294967295 -2 -1536 -3 -3 -1536 -2 -2 -1 -16 2
702 4294967295 -1 -1024 -3 -3 -1024 -1 2 0 17 -2
703 4294967295 -1 -1024 -2 -3 -1024 -1 -1 3 -17 2
704 4294967295 -1 -1024 -2 -2 -512 -1 0 -4 16 -1
705 4294967295 -1 -1024 -2 -2 -512 0 1 6 -16 0
706 4294967295 0 -512 -2 -2 -512 0 -1 -6 14 1
707 4294967295 0 -512 -1 -1 -512 0 1 8 -14 -1
708 4294967295 0 -512 -1 -1 0 0 -1 -10 13 1
709 4294967295 0 0 0 -1 0 0 1 9 -10 -1
710 4294967295 0 0 0 0 0 0 0 -11 9 1
711 4294967295 1 512 1 1 512 1 -1 11 -8 0
712 4294967295 -1 -1024 -1 0 -1024 -2 2 -10 7 -1
713 4294967295 -4 -2560 -4 -3 -3072 -5 -2 9 -6 2
714 4294967295 -6 -3072 -5 -4 -4096 -8 2 -7 6 -2
715 4294967295 -7 -3584 -6 -4 -4608 -9 -2 7 -6 2
716 4294967295 -6 -3072 -4 -2 -4096 -8 2 -5 6 -2
717 4294967295 -5 -2560 -2 -1 -3072 -6 -4 3 -5 2
718 4294967295 -4 -2048 0 0 -2048 -5 5 -3 4 -1
719 4294967295 -3 -1536 0 1 -1536 -4 -6 2 -3 0
720 4294967295 -3 -1024 1 3 -1024 -4 8 -1 3 1
721 4294967295 -2 -1024 1 3 -1024 -3 -10 1 -3 -1
722 4294967295 -2 -1024 2 3 -512 -3 12 -1 3 1
723 4294967295 -2 -512 1 3 -512 -2 -13 1 -2 -1
724 4294967295 -1 -512 1 3 -512 -2 14 0 1 1
725 4294967295 -1 -512 1 3 0 -2 -14 -1 0 0
726 4294967295 0 0 1 3 0 0 14 2 0 -1
727 4294967295 0 0 1 2 0 -1 -13 -2 2 2
728 4294967295 -1 -512 0 0 -1024 -2 12 2 -2 -2
729 4294967295 -2 -1024 -3 -1 -2048 -4 -11 -2 2 2
730 4294967295 -3 -1536 -4 -3 -3072 -6 11 2 -4 -2
731 4294967295 -3 -1536 -6 -4 -3072 -6 -11 -1 5 2
732 4294967295 -2 -1024 -6 -4 -3072 -5 11 0 -6 -1
733 4294967295 -1 -1024 -6 -4 -2048 -5 -10 1 8 0
734 4294967295 -1 -512 -5 -3 -1536 -4 9 -1 -10 1
735 4294967295 -1 -512 -5 -3 -1536 -3 -8 0 12 -1
736 4294967295 0 -512 -4 -2 -1024 -3 8 0 -13 1
737 4294967295 0 -512 -4 -2 -1024 -2 -8 -2 14 -1
738 4294967295 0 0 -3 -2 -512 -2 8 5 -14 1
739 4294967295 0 0 -2 -1 -512 -2 -7 -8 14 0
740 4294967295 0 0 -2 -1 -512 -1 6 11 -13 -1
741 4294967295 0 0 -2 -1 0 -1 -5 -13 12 2
742 4294967295 1 0 0 0 0 0 5 15 -11 -2
743 4294967295 0 0 0 0 0 0 -6 -16 11 2
744 4294967295 -1 0 -1 -1 -1024 -2 6 16 -11 -2
745 4294967295 -2 -512 -1 -1 -1536 -4 -8 -17 11 2
746 4294967295 -3 -1024 -1 -2 -2048 -5 11 16 -10 -1
747 4294967295 -4 -1536 -1 -1 -2560 -6 -14 -14 9 0
748 4294967295 -3 -1024 0 0 -2048 -5 17 12 -8 1
749 4294967295 -2 -512 1 0 -1536 -4 -20 -10 8 -1
750 4294967295 -2 -512 3 2 -1024 -3 21 9 -8 1
751 4294967295 -1 0 4 3 -512 -2 -23 -9 9 -1
752 4294967295 -1 0 5 3 -512 -2 25 8 -8 1
753 4294967295 -1 0 5 3 0 -1 -28 -9 9 0
754 4294967295 0 0 5 3 0 -1 29 11 -10 -1
755 4294967295 0 0 4 3 0 -1 -29 -13 11 2
756 4294967295 0 0 4 3 0 -1 29 15 -11 -2
757 4294967295 0 0 4 2 0 0 -28 -16 11 2
758 4294967295 0 0 4 2 512 0 27 17 -11 -2
759 4294967295 0 0 3 1 0 0 -26 -15 9 2
760 4294967295 0 0 1 0 -512 -2 25 15 -8 -1
761 4294967295 -1 -512 0 -1 -1536 -3 -23 -15 7 0
762 4294967295 -3 -1536 -2 -3 -2560 -5 21 16 -5 1
763 4294967295 -3 -1536 -3 -4 -3072 -5 -19 -15 3 -1
764 4294967295 -3 -1536 -4 -4 -3072 -4 18 16 -1 1
765 4294967295 -2 -1024 -3 -4 -2560 -3 -17 -16 0 -1
766 4294967295 -1 -1024 -3 -4 -2560 -2 16 18 1 1
767 4294967295 -1 -512 -3 -3 -2048 -2 -14 -18 -1 0
768 4294967295 -1 -512 -2 -3 -2048 -1 14 18 3 -1
769 4294967295 -1 -512 -2 -3 -1536 -1 -12 -18 -3 2
770 4294967295 -1 -512 -2 -3 -1536 -1 10 19 3 -2
771 4294967295 0 0 -1 -1 -1024 -1 -8 -18 -3 2
772 4294967295 0 0 -1 -1 -1024 0 7 19 3 -2
773 4294967295 0 0 0 0 -512 0 -7 -20 -2 2
774 4294967295 1 0 0 0 -512 0 6 21 1 -1
775 4294967295 0 0 0 0 -512 0 -7 -21 -2 0
776 4294967295 0 0 0 -1 -1024 -1 9 21 0 1
777 4294967295 -1 -512 0 -1 -1536 -3 -11 -20 0 -1
778 4294967295 -2 -1024 0 -2 -2048 -4 13 19 1 1
779 4294967295 -2 -1536 0 -1 -2560 -5 -14 -18 -4 -1
780 4294967295 -2 -1024 0 0 -2048 -4 15 18 3 1
781 4294967295 -1 -512 1 0 -1024 -3 -15 -18 -3 0
782 4294967295 0 0 3 2 -512 -2 15 18 3 -1
783 4294967295 0 0 4 3 0 -2 -12 -20 -2 2
784 4294967295 0 0 5 3 0 -2 11 21 1 -2
785 4294967295 0 0 5 3 0 -1 -10 -22 -2 2
786 4294967295 0 0 5 3 0 -1 9 24 2 -2
787 4294967295 0 0 5 3 0 -1 -8 -26 -1 2
788 4294967295 0 0 4 3 0 -1 8 28 2 -1
789 4294967295 0 0 4 3 0 0 -8 -29 -1 0
790 4294967295 1 0 3 3 512 0 8 30 0 1
791 4294967295 1 512 3 3 0 0 -7 -30 1 -1
792 4294967295 0 0 0 0 -512 -1 6 30 -1 1
793 4294967295 -1 -512 -1 -1 -1536 -3 -5 -29 3 -1
794 4294967295 -2 -512 -3 -2 -2560 -5 5 28 -3 1
795 4294967295 -3 -1024 -5 -3 -2560 -5 -5 -27 3 0
796 4294967295 -2 -512 -5 -3 -2560 -5 6 26 -3 -1
797 4294967295 -1 0 -5 -3 -2048 -3 -5 -27 4 2
798 4294967295 -1 0 -5 -3 -1536 -3 6 27 -3 -2
799 4294967295 0 0 -4 -3 -1024 -2 -7 -27 4 2
800 4294967295 0 512 -4 -2 -1024 -2 8 28 -5 -2
801 4294967295 0 512 -3 -2 -1024 -2 -8 -29 6 2
802 4294967295 0 512 -3 -2 -512 -1 8 31 -6 -1
803 4294967295 0 512 -2 -1 -512 -1 -8 -31 6 0
804 4294967295 0 512 -2 -1 -512 -1 8 33 -6 1
805 4294967295 0 512 -1 -1 0 0 -7 -35 6 -1
806 4294967295 0 512 0 0 0 0 6 37 -5 1
807 4294967295 0 512 0 0 0 0 -5 -38 6 -1
808 4294967295 0 0 0 -1 -512 -2 4 39 -5 1
809 4294967295 -1 0 0 -2 -1536 -3 -5 -39 4 0
810 4294967295 -2 -512 -1 -2 -2560 -5 5 39 -5 -1
811 4294967295 -2 -512 0 -2 -2560 -5 -5 -38 5 2
812 4294967295 -2 -512 0 -1 -2048 -4 6 37 -5 -2
813 4294967295 -1 0 2 0 -1536 -3 -7 -35 6 2
814 4294967295 0 0 3 1 -1024 -2 8 33 -7 -2
815 4294967295 0 0 4 2 -512 -2 -9 -31 6 2
816 4294967295 0 0 5 2 -512 -1 8 30 -6 -1
817 4294967295 0 0 5 2 0 -1 -8 -29 6 0
818 4294967295 0 0 5 2 0 -1 8 28 -5 1
819 4294967295 0 0 5 3 0 0 -7 -26 4 -1
820 4294967295 0 512 4 2 0 0 6 24 -3 1
821 4294967295 0 512 4 2 0 0 -5 -22 3 -1
822 4294967295 1 512 4 3 0 0 5 18 -3 1
823 4294967295 1 512 4 2 0 0 -5 -17 3 0
824 4294967295 0 0 1 0 -512 -1 5 17 -2 -1
825 4294967295 -1 0 0 -1 -1536 -3 -4 -13 1 2
826 4294967295 -3 -1024 -2 -3 -2560 -5 3 11 0 -2
827 4294967295 -3 -1024 -4 -4 -2560 -5 -2 -9 0 2
828 4294967295 -2 -1024 -4 -4 -2560 -5 2 7 0 -2
829 4294967295 -2 -1024 -4 -4 -2560 -4 0 -5 0 2
830 4294967295 -1 -512 -4 -3 -2048 -3 0 3 0 -1
831 4294967295 -1 -512 -4 -3 -1536 -3 0 -3 0 0
832 4294967295 -1 -512 -3 -2 -1536 -2 -2 2 0 1
